00:00:04 23.70 54.60 342.46 1.67 2076
00:00:14 23.70 54.60 349.10 1.67 2070
00:00:24 23.70 54.60 335.91 1.67 2076
00:00:34 23.70 54.60 355.85 1.67 2076
00:00:44 23.70 54.60 275.51 1.67 2070
00:00:54 23.70 54.60 413.44 1.67 2070
00:01:04 23.70 54.60 391.07 1.67 2076
00:01:14 23.70 54.60 342.46 1.67 2070
00:01:24 23.70 54.60 349.10 1.67 2082
00:01:34 23.70 54.60 342.46 1.67 2070
00:01:44 23.70 54.60 405.88 1.67 2076
00:01:54 23.70 54.60 342.46 1.67 2070
00:02:04 23.70 54.60 362.69 1.67 2076
00:02:14 23.70 54.60 362.69 1.67 2082
00:02:25 23.70 54.60 342.46 1.67 2076
00:02:34 23.70 54.60 342.46 1.67 2076
00:02:44 23.70 54.60 355.85 1.67 2076
00:02:55 23.70 54.60 362.69 1.67 2076
00:03:04 23.70 54.60 398.42 1.67 2070
00:03:14 23.70 54.60 355.85 1.67 2076
00:03:24 23.70 54.60 342.46 1.67 2070
00:03:35 23.70 54.60 342.46 1.67 2070
00:03:44 23.70 54.60 355.85 1.67 2076
00:03:55 23.70 54.60 335.91 1.67 2076
00:04:04 23.70 54.60 342.46 1.67 2070
00:04:15 23.70 54.60 355.85 1.67 2076
00:04:25 23.70 54.60 342.46 1.67 2070
00:04:35 23.70 54.60 362.69 1.67 2076
00:04:45 23.70 54.60 369.63 1.67 2082
00:04:55 23.70 54.60 342.46 1.67 2076
00:05:05 23.70 54.60 362.69 1.67 2082
00:05:15 23.70 54.60 342.46 1.67 2076
00:05:25 23.70 54.60 335.91 1.67 2070
00:05:35 23.70 54.60 398.42 1.67 2082
00:05:45 23.70 54.60 342.46 1.67 2076
00:05:55 23.70 54.60 355.85 1.67 2076
00:06:05 23.70 54.60 391.07 1.67 2070
00:06:15 23.70 54.60 342.46 1.67 2076
00:06:25 23.70 54.60 398.42 1.67 2076
00:06:35 23.70 54.60 342.46 1.67 2070
00:06:45 23.70 54.60 398.42 1.67 2082
00:06:55 23.70 54.60 335.91 1.67 2076
00:07:05 23.70 54.60 355.85 1.67 2082
00:07:15 23.70 54.60 376.67 1.67 2088
00:07:25 23.70 54.60 342.46 1.67 2070
00:07:35 23.70 54.60 342.46 1.67 2070
00:07:45 23.70 54.60 362.69 1.67 2070
00:07:55 23.70 54.60 355.85 1.67 2070
00:08:05 23.70 54.60 398.42 1.67 2076
00:08:15 23.70 54.60 342.46 1.67 2082
00:08:25 23.70 54.60 362.69 1.67 2076
00:08:35 23.70 54.60 369.63 1.67 2076
00:08:45 23.70 54.60 391.07 1.67 2076
00:08:55 23.70 54.60 355.85 1.67 2076
00:09:05 23.70 54.60 342.46 1.67 2082
00:09:15 23.70 54.60 362.69 1.67 2076
00:09:25 23.70 54.60 362.69 1.67 2076
00:09:35 23.70 54.60 362.69 1.67 2082
00:09:45 23.70 54.60 342.46 1.67 2076
00:09:55 23.70 54.60 369.63 1.67 2070
00:10:05 23.70 54.60 355.85 1.67 2076
00:10:15 23.70 54.60 342.46 1.67 2064
00:10:25 23.70 54.60 335.91 1.67 2076
00:10:35 23.70 54.60 342.46 1.67 2064
00:10:45 23.70 54.60 335.91 1.67 2058
00:10:55 23.70 54.60 398.42 1.67 2064
00:11:05 23.70 54.60 342.46 1.67 2064
00:11:15 23.70 54.60 335.91 1.67 2070
00:11:25 23.70 54.60 369.63 1.67 2076
00:11:35 23.70 54.60 335.91 1.67 2082
00:11:45 23.70 54.60 335.91 1.67 2076
00:11:55 23.70 54.60 405.88 1.67 2076
00:12:05 23.70 54.60 335.91 1.67 2034
00:12:15 23.70 54.60 355.85 1.67 2040
00:12:25 23.70 54.60 335.91 1.67 2040
00:12:35 23.70 54.60 391.07 1.67 2034
00:12:45 23.70 54.60 342.46 1.67 2040
00:12:55 23.70 54.60 398.42 1.67 2082
00:13:05 23.70 54.60 342.46 1.67 2070
00:13:15 23.70 54.60 362.69 1.67 2076
00:13:25 23.70 54.60 335.91 1.67 2070
00:13:35 23.70 54.60 335.91 1.67 2064
00:13:45 23.70 54.60 405.88 1.67 2070
00:13:55 23.70 54.60 355.85 1.67 2070
00:14:05 23.70 54.60 355.85 1.67 2028
00:14:15 23.70 54.60 391.07 1.67 2034
00:14:25 23.70 54.60 275.51 1.67 2034
00:14:35 23.70 54.60 342.46 1.67 2034
00:14:45 23.70 54.60 335.91 1.67 2040
00:14:55 23.70 54.60 335.91 1.67 2034
00:15:05 23.70 54.60 376.67 1.67 2052
00:15:15 23.70 54.60 335.91 1.67 2034
00:15:25 23.70 54.60 335.91 1.67 2034
00:15:35 23.70 54.60 342.46 1.67 2040
00:15:45 23.70 54.60 398.42 1.67 2040
00:15:55 23.70 54.60 398.42 1.67 2052
00:16:05 23.70 54.60 342.46 1.67 2076
00:16:15 23.70 54.60 362.69 1.67 2076
00:16:25 23.70 54.60 342.46 1.67 2082
00:16:35 23.70 54.60 391.07 1.67 2082
00:16:45 23.70 54.60 335.91 1.67 2076
00:16:55 23.70 54.60 362.69 1.67 2082
00:17:05 23.70 54.60 405.88 1.67 2082
00:17:15 23.70 54.60 335.91 1.67 2070
00:17:25 23.70 54.60 391.07 1.67 2034
00:17:35 23.70 54.60 335.91 1.67 2034
00:17:45 23.70 54.60 349.10 1.67 2034
00:17:55 23.70 54.60 335.91 1.67 2040
00:18:05 23.70 54.60 335.91 1.67 2040
00:18:15 23.70 54.60 342.46 1.67 2070
00:18:25 23.70 54.60 335.91 1.67 2076
00:18:35 23.70 54.60 362.69 1.67 2082
00:18:45 23.70 54.60 369.63 1.67 2034
00:18:55 23.70 54.60 405.88 1.67 2034
00:19:05 23.70 54.60 342.46 1.67 2034
00:19:15 23.70 54.60 335.91 1.67 2034
00:19:25 23.70 54.60 335.91 1.67 2070
00:19:35 23.70 54.60 391.07 1.67 2082
00:19:45 23.70 54.60 398.42 1.67 2070
00:19:55 23.70 54.60 335.91 1.67 2076
00:20:05 23.70 54.60 405.88 1.67 2082
00:20:15 23.70 54.60 342.46 1.67 2082
00:20:25 23.70 54.60 391.07 1.67 2076
00:20:35 23.70 54.60 369.63 1.67 2088
00:20:45 23.70 54.60 329.46 1.67 2076
00:20:55 23.70 54.60 362.69 1.67 2070
00:21:05 23.70 54.60 342.46 1.67 2034
00:21:15 23.70 54.60 342.46 1.67 2034
00:21:25 23.70 54.60 355.85 1.67 2034
00:21:35 23.70 54.60 355.85 1.67 2040
00:21:45 23.70 54.60 335.91 1.67 2034
00:21:55 23.70 54.60 342.46 1.67 2064
00:22:05 23.70 54.60 391.07 1.67 2058
00:22:15 23.70 54.60 362.69 1.67 2034
00:22:25 23.70 54.60 329.46 1.67 2034
00:22:35 23.70 54.60 391.07 1.67 2040
00:22:45 23.70 54.60 362.69 1.67 2040
00:22:55 23.70 54.60 405.88 1.67 2040
00:23:05 23.70 54.60 335.91 1.67 2070
00:23:15 23.70 54.60 391.07 1.67 2070
00:23:25 23.70 54.60 362.69 1.67 2076
00:23:35 23.70 54.60 342.46 1.67 2070
00:23:45 23.70 54.60 335.91 1.67 2082
00:23:55 23.70 54.60 335.91 1.67 2082
00:24:05 23.70 54.60 275.51 1.67 2088
00:24:15 23.70 54.60 329.46 1.67 2082
00:24:25 23.70 54.60 349.10 1.67 2040
00:24:35 23.70 54.60 405.88 1.67 2034
00:24:45 23.70 54.60 405.88 1.67 2034
00:24:55 23.70 54.60 355.85 1.67 2034
00:25:05 23.70 54.60 398.42 1.67 2052
00:25:15 23.70 54.60 362.69 1.67 2082
00:25:25 23.70 54.60 428.90 1.67 2082
00:25:35 23.70 54.60 362.69 1.67 2082
00:25:45 23.70 54.60 405.88 1.67 2076
00:25:55 23.70 54.60 398.42 1.67 2076
00:26:05 23.70 54.60 349.10 1.67 2076
00:26:15 23.70 54.60 391.07 1.67 2070
00:26:25 23.70 54.60 362.69 1.67 2076
00:26:35 23.70 54.60 342.46 1.67 2076
00:26:45 23.70 54.60 369.63 1.67 2082
00:26:55 23.70 54.60 355.85 1.67 2076
00:27:05 23.70 54.60 342.46 1.67 2076
00:27:15 23.70 54.60 398.42 1.67 2076
00:27:25 23.70 54.60 362.69 1.67 2040
00:27:35 23.70 54.60 342.46 1.67 2040
00:27:45 23.70 54.60 369.63 1.67 2034
00:27:55 23.70 54.60 342.46 1.67 2034
00:28:05 23.70 54.60 342.46 1.67 2034
00:28:15 23.70 54.60 335.91 1.67 2076
00:28:26 23.70 54.60 335.91 1.67 2082
00:28:35 23.70 54.60 342.46 1.67 2076
00:28:45 23.70 54.60 362.69 1.67 2076
00:28:55 23.70 54.60 335.91 1.67 2076
00:29:05 23.70 54.60 342.46 1.67 2076
00:29:16 23.70 54.60 369.63 1.67 2082
00:29:25 23.70 54.60 362.69 1.67 2076
00:29:36 23.70 54.60 405.88 1.67 2082
00:29:46 23.70 54.60 355.85 1.67 2070
00:29:55 23.70 54.60 342.46 1.67 2070
00:30:06 23.70 54.60 335.91 1.67 2076
00:30:16 23.70 54.60 362.69 1.67 2064
00:30:25 23.70 54.60 342.46 1.67 2070
00:30:36 23.70 54.60 369.63 1.67 2076
00:30:46 23.70 54.60 355.85 1.67 2070
00:30:56 23.70 54.60 335.91 1.67 2064
00:31:06 23.70 54.60 342.46 1.67 2070
00:31:16 23.70 54.60 342.46 1.67 2076
00:31:26 23.70 54.60 342.46 1.67 2082
00:31:36 23.70 54.60 398.42 1.67 2070
00:31:46 23.70 54.60 342.46 1.67 2070
00:31:56 23.70 54.60 342.46 1.67 2070
00:32:06 23.70 54.60 398.42 1.67 2076
00:32:16 23.70 54.60 362.69 1.67 2070
00:32:26 23.70 54.60 421.12 1.67 2070
00:32:36 23.70 54.60 335.91 1.67 2064
00:32:46 23.70 54.60 369.63 1.67 2076
00:32:56 23.70 54.60 342.46 1.67 2070
00:33:06 23.70 54.60 355.85 1.67 2076
00:33:16 23.70 54.60 355.85 1.67 2070
00:33:26 23.70 54.60 362.69 1.67 2070
00:33:36 23.70 54.60 362.69 1.67 2076
00:33:46 23.70 54.60 398.42 1.67 2082
00:33:56 23.70 54.60 342.46 1.67 2070
00:34:06 23.70 54.60 349.10 1.67 2070
00:34:16 23.70 54.60 342.46 1.67 2076
00:34:26 23.70 54.60 342.46 1.67 2076
00:34:36 23.70 54.60 362.69 1.67 2070
00:34:46 23.70 54.60 335.91 1.67 2082
00:34:56 23.70 54.60 355.85 1.67 2076
00:35:06 23.70 54.60 369.63 1.67 2076
00:35:16 23.70 54.60 335.91 1.67 2076
00:35:26 23.70 54.60 342.46 1.67 2070
00:35:36 23.70 54.60 355.85 1.67 2082
00:35:46 23.70 54.60 391.07 1.67 2058
00:35:56 23.70 54.60 398.42 1.67 2082
00:36:06 23.70 54.60 369.63 1.67 2076
00:36:16 23.70 54.60 405.88 1.67 2076
00:36:26 23.70 54.60 349.10 1.67 2076
00:36:36 23.70 54.60 355.85 1.67 2076
00:36:46 23.70 54.60 369.63 1.67 2082
00:36:56 23.70 54.60 342.46 1.67 2070
00:37:06 23.70 54.60 342.46 1.67 2064
00:37:16 23.70 54.60 355.85 1.67 2082
00:37:26 23.70 54.60 335.91 1.67 2076
00:37:36 23.70 54.60 428.90 1.67 2058
00:37:46 23.70 54.60 342.46 1.67 2070
00:37:56 23.70 54.60 342.46 1.67 2070
00:38:06 23.70 54.60 391.07 1.67 2076
00:38:16 23.70 54.60 335.91 1.67 2064
00:38:26 23.70 54.60 413.44 1.67 2076
00:38:36 23.70 54.60 335.91 1.67 2070
00:38:46 23.70 54.60 376.67 1.67 2070
00:38:56 23.70 54.60 342.46 1.67 2076
00:39:06 23.70 54.60 349.10 1.67 2076
00:39:16 23.70 54.60 355.85 1.67 2070
00:39:26 23.70 54.60 362.69 1.67 2070
00:39:36 23.70 54.60 362.69 3.33 2064
00:39:46 23.70 54.60 355.85 2.50 2064
00:39:56 23.70 54.60 398.42 3.33 2082
00:40:06 23.70 54.60 342.46 3.33 2082
00:40:16 23.70 54.60 362.69 2.50 2064
00:40:26 23.70 54.60 355.85 2.50 2058
00:40:36 23.70 54.60 369.63 2.50 2076
00:40:46 23.70 54.60 391.07 3.33 2070
00:40:56 23.70 54.60 342.46 48.33 2028