21:39:07 24.30 43.70 361.80 1.67 2094
21:39:10 24.30 43.70 390.51 1.67 2106
21:39:20 24.30 43.70 375.95 1.67 2100
21:39:30 24.30 43.70 436.80 1.67 2094
21:39:40 24.30 43.70 453.12 1.67 2106
21:39:50 24.30 43.70 368.82 1.67 2100
21:40:00 24.30 43.70 428.80 1.67 2100
21:40:10 24.30 43.70 413.16 1.67 2100
21:40:20 24.30 43.70 361.80 1.67 2094
21:40:30 24.30 43.70 420.92 1.67 2094
21:40:40 24.30 43.70 390.51 1.67 2094
21:40:50 24.30 43.70 420.92 1.67 2094
21:41:01 24.30 43.70 436.80 1.67 2094
21:41:10 24.30 43.70 361.80 2.50 2094
21:41:20 24.30 43.70 361.80 2.50 2106
21:41:30 24.30 43.70 413.16 2.50 2100
21:41:40 24.30 43.70 375.95 2.50 2100
21:41:51 24.30 43.70 383.17 2.50 2088
21:42:01 24.30 43.70 397.95 2.50 2058
21:42:10 24.30 43.70 420.92 2.50 2064
21:42:21 24.30 43.70 368.82 2.50 2034
21:42:30 24.30 43.70 375.95 2.50 2052
21:42:41 24.30 43.70 453.12 2.50 2046
21:42:51 24.30 43.70 390.51 2.50 2064
21:43:00 24.30 43.70 436.80 2.50 2058
21:43:11 24.30 43.70 361.80 1.67 2064
21:43:21 24.30 43.70 453.12 1.67 2064
21:43:31 24.30 43.70 420.92 1.67 2052
21:43:41 24.30 43.70 368.82 1.67 2064
21:43:51 24.30 43.70 328.21 2.50 2046
21:44:01 24.30 43.70 420.92 1.67 2034
21:44:11 24.30 43.70 390.51 1.67 2034
21:44:21 24.30 43.70 390.51 2.50 2034
21:44:31 24.30 43.70 375.95 1.67 2052
21:44:41 24.30 43.70 361.80 1.67 2064
21:44:51 24.30 43.70 413.16 1.67 2058
21:45:01 24.30 43.70 383.17 1.67 2058
21:45:11 24.30 43.70 487.19 1.67 2058
21:45:21 24.30 43.70 478.49 2.50 2046
21:45:31 24.30 43.70 428.80 2.50 2052
21:45:41 24.30 43.70 375.95 1.67 2052
21:45:51 24.30 43.70 428.80 1.67 2070
21:46:01 24.30 43.70 397.95 1.67 2058
21:46:11 24.30 43.70 428.80 2.50 2064
21:46:21 24.30 43.70 420.92 1.67 2046
21:46:31 24.30 43.70 375.95 1.67 2052
21:46:41 24.30 43.70 413.16 1.67 2058
21:46:51 24.30 43.70 413.16 1.67 2040
21:47:01 24.30 43.70 375.95 1.67 2034
21:47:11 24.30 43.70 361.80 2.50 2034
21:47:21 24.30 43.70 368.82 1.67 2058
21:47:31 24.30 43.70 420.92 2.50 2088
21:47:41 24.30 43.70 361.80 1.67 2088
21:47:51 24.30 43.70 428.80 1.67 2064
21:48:01 24.30 43.70 390.51 2.50 2046
21:48:11 24.30 43.70 361.80 2.50 2034
21:48:21 24.30 43.70 390.51 1.67 2034
21:48:31 24.30 43.70 469.92 2.50 2082
21:48:41 24.30 43.70 361.80 1.67 2094
21:48:51 24.30 43.70 444.90 1.67 2094
21:49:01 24.30 43.70 361.80 1.67 2088
21:49:11 24.30 43.70 436.80 1.67 2034
21:49:21 24.30 43.70 361.80 2.50 2046
21:49:31 24.30 43.70 361.80 1.67 2052
21:49:41 24.30 43.70 297.03 1.67 2064
21:49:51 24.30 43.70 428.80 1.67 2058
21:50:01 24.30 43.70 478.49 2.50 2088
21:50:11 24.30 43.70 420.92 2.50 2058
21:50:21 24.30 43.70 375.95 2.50 2040
21:50:31 24.30 43.70 361.80 1.67 2052
21:50:41 24.30 43.70 383.17 1.67 2064
21:50:51 24.30 43.70 428.80 1.67 2088
21:51:01 24.30 43.70 375.95 1.67 2100
21:51:11 24.30 43.70 368.82 2.50 2094
21:51:21 24.30 43.70 383.17 1.67 2064
21:51:31 24.30 43.70 383.17 2.50 2034
21:51:41 24.30 43.70 390.51 1.67 2046
21:51:51 24.30 43.70 375.95 1.67 2058
21:52:01 24.30 43.70 413.16 1.67 2046
21:52:11 24.30 43.70 361.80 1.67 2064
21:52:21 24.30 43.70 413.16 1.67 2070
21:52:31 24.30 43.70 413.16 1.67 2064
21:52:41 24.30 43.70 420.92 1.67 2064
21:52:51 24.30 43.70 361.80 1.67 2064
21:53:01 24.30 43.70 413.16 1.67 2088
21:53:11 24.30 43.70 361.80 2.50 2046
21:53:21 24.30 43.70 397.95 1.67 2058
21:53:31 24.30 43.70 375.95 1.67 2034
21:53:41 24.30 43.70 368.82 1.67 2040
21:53:51 24.30 43.70 361.80 1.67 2094
21:54:01 24.30 43.70 368.82 1.67 2106
21:54:11 24.30 43.70 390.51 1.67 2094
21:54:21 24.30 43.70 368.82 1.67 2034
21:54:31 24.30 43.70 361.80 1.67 2064
21:54:41 24.30 43.70 375.95 1.67 2052
21:54:51 24.30 43.70 413.16 1.67 2034
21:55:01 24.30 43.70 375.95 1.67 2076
21:55:11 24.30 43.70 361.80 1.67 2088
21:55:21 24.30 43.70 383.17 1.67 2034
21:55:31 24.30 43.70 375.95 1.67 2070
21:55:41 24.30 43.70 383.17 1.67 2046
21:55:51 24.30 43.70 390.51 1.67 2052
21:56:01 24.30 43.70 297.03 1.67 2046
21:56:11 24.30 43.70 375.95 1.67 2046
21:56:21 24.30 43.70 390.51 1.67 2034
21:56:31 24.30 43.70 361.80 1.67 2034
21:56:41 24.30 43.70 375.95 1.67 2064
21:56:51 24.30 43.70 397.95 1.67 2088
21:57:01 24.30 43.70 361.80 1.67 2040
21:57:11 24.30 43.70 361.80 1.67 2034
21:57:21 24.30 43.70 368.82 0.00 2034
21:57:31 24.30 43.70 390.51 0.00 2040
21:57:41 24.30 43.70 361.80 0.00 2094
21:57:51 24.30 43.70 361.80 0.00 2046
21:58:01 24.30 43.70 375.95 0.00 2034
21:58:11 24.30 43.70 315.45 0.00 2034
21:58:21 24.30 43.70 375.95 0.00 2040
21:58:31 24.30 43.70 390.51 0.00 2052
21:58:41 24.30 43.70 368.82 0.00 2034
21:58:51 24.30 43.70 361.80 0.00 2034
21:59:01 24.30 43.70 383.17 0.00 2034
21:59:11 24.30 43.70 361.80 0.00 2088
21:59:21 24.30 43.70 375.95 0.00 2058
21:59:31 24.30 43.70 397.95 0.00 2040
21:59:41 24.30 43.70 361.80 0.00 2040
21:59:51 24.30 43.70 436.80 0.00 2046
22:00:01 24.30 43.70 361.80 0.00 2088
22:00:11 24.30 43.70 291.07 0.00 2088
22:00:21 24.30 43.70 361.80 0.00 2040
22:00:31 24.30 43.70 397.95 0.00 2040
22:00:41 24.30 43.70 383.17 0.00 2034
22:00:51 24.30 43.70 383.17 0.00 2040
22:01:01 24.30 43.70 383.17 0.00 2034
22:01:11 24.30 43.70 361.80 0.00 2034
22:01:21 24.30 43.70 390.51 0.00 2058
22:01:31 24.30 43.70 361.80 0.00 2046
22:01:41 24.30 43.70 375.95 0.00 2088
22:01:51 24.30 43.70 375.95 0.00 2106
22:02:01 24.30 43.70 361.80 0.00 2100
22:02:11 24.30 43.70 436.80 0.00 2088
22:02:21 24.30 43.70 478.49 0.00 2034
22:02:31 24.30 43.70 368.82 0.00 2034
22:02:41 24.30 43.70 361.80 0.00 2034
22:02:51 24.30 43.70 420.92 0.00 2040
22:03:01 24.30 43.70 478.49 0.00 2052
22:03:11 24.30 43.70 390.51 0.00 2034
22:03:21 24.30 43.70 390.51 0.00 2034
22:03:31 24.30 43.70 361.80 0.00 2034
22:03:41 24.30 43.70 428.80 0.00 2088
22:03:51 24.30 43.70 461.46 0.00 2082
22:04:01 24.30 43.70 397.95 0.00 2040
22:04:11 24.30 43.70 390.51 0.00 2034
22:04:21 24.30 43.70 383.17 0.00 2034
22:04:31 24.30 43.70 354.88 0.00 2004
22:04:41 24.30 43.70 368.82 0.00 2070
22:04:51 24.30 43.70 348.06 0.00 2058
22:05:01 24.30 43.70 375.95 0.00 2058
22:05:11 24.30 43.70 361.80 0.00 2058
22:05:21 24.30 43.70 390.51 0.00 2022
22:05:31 24.30 43.70 348.06 0.00 2004
22:05:41 24.30 43.70 420.92 0.00 2010
22:05:51 24.30 43.70 354.88 0.00 2004
22:06:01 24.30 43.70 348.06 0.00 2058
22:06:11 24.30 43.70 428.80 0.00 2058
22:06:21 24.30 43.70 375.95 0.00 2058
22:06:31 24.30 43.70 348.06 0.00 2022
22:06:41 24.30 43.70 354.88 0.00 2022
22:06:51 24.30 43.70 354.88 0.00 2004
22:07:01 24.30 43.70 390.51 0.00 2028
22:07:11 24.30 43.70 354.88 0.00 2022
22:07:21 24.30 43.70 375.95 0.00 2064
22:07:32 24.30 43.70 348.06 0.00 2040
22:07:41 24.30 43.70 444.90 0.00 2010
22:07:51 24.30 43.70 361.80 0.00 2004
22:08:02 24.30 43.70 348.06 0.00 2016
22:08:11 24.30 43.70 348.06 0.00 2046
22:08:21 24.30 43.70 375.95 0.00 2010
22:08:32 24.30 43.70 428.80 0.00 2016
22:08:42 24.30 43.70 383.17 0.00 2004
22:08:51 24.30 43.70 428.80 0.00 2004
22:09:02 24.30 43.70 390.51 0.00 2052
22:09:12 24.30 43.70 341.35 0.00 2058
22:09:22 24.30 43.70 348.06 0.00 2010
22:09:31 24.30 43.70 354.88 0.00 2010
22:09:42 24.30 43.70 348.06 0.00 2004
22:09:52 24.30 43.70 413.16 0.00 2016
22:10:02 24.30 43.70 375.95 0.00 2052
22:10:12 24.30 43.70 348.06 0.00 2046
22:10:22 24.30 43.70 420.92 0.00 2064
22:10:32 24.30 43.70 361.80 0.00 2064
22:10:42 24.30 43.70 348.06 0.00 2064
22:10:52 24.30 43.70 420.92 0.00 2058
22:11:02 24.30 43.70 348.06 0.00 2058
22:11:12 24.30 43.70 348.06 0.00 2058
22:11:22 24.30 43.70 354.88 0.00 2052
22:11:32 24.30 43.70 354.88 0.00 2034
22:11:42 24.30 43.70 383.17 0.00 2016
22:11:52 24.30 43.70 361.80 0.00 2004
22:12:02 24.30 43.70 397.95 0.00 2010
22:12:12 24.30 43.70 361.80 0.00 2028
22:12:22 24.30 43.70 348.06 0.00 2058
22:12:32 24.30 43.70 361.80 0.00 2058
22:12:42 24.30 43.70 375.95 0.00 2058
22:12:52 24.30 43.70 348.06 0.00 2058
22:13:02 24.30 43.70 348.06 0.00 2058
22:13:12 24.30 43.70 354.88 0.00 2058
22:13:22 24.30 43.70 348.06 0.00 2052
22:13:32 24.30 43.70 354.88 0.00 2052
22:13:42 24.30 43.70 354.88 0.00 2028
22:13:52 24.30 43.70 361.80 0.00 2010
22:14:02 24.30 43.70 428.80 0.00 2004
22:14:12 24.30 43.70 348.06 0.00 2004
22:14:22 24.30 43.70 361.80 0.00 2058
22:14:32 24.30 43.70 348.06 0.00 2052
22:14:42 24.30 43.70 334.73 0.00 2058
22:14:52 24.30 43.70 420.92 0.00 2058
22:15:02 24.30 43.70 383.17 0.00 2004
22:15:12 24.30 43.70 428.80 0.00 2004
22:15:22 24.30 43.70 390.51 0.00 2016
22:15:32 24.30 43.70 397.95 0.00 2016
22:15:42 24.30 43.70 428.80 0.00 2004
22:15:52 24.30 43.70 348.06 0.00 2040
22:16:02 24.30 43.70 354.88 0.00 2010
22:16:12 24.30 43.70 390.51 0.00 2016
22:16:22 24.30 43.70 390.51 0.00 2004
22:16:32 24.30 43.70 348.06 0.00 2022
22:16:42 24.30 43.70 453.12 0.00 2004
22:16:52 24.30 43.70 348.06 0.00 2004
22:17:02 24.30 43.70 420.92 0.00 2040
22:17:12 24.30 43.70 375.95 0.00 2028
22:17:22 24.30 43.70 383.17 0.00 2022
22:17:32 24.30 43.70 390.51 0.00 2004
22:17:42 24.30 43.70 383.17 0.00 2016
22:17:52 24.30 43.70 348.06 0.00 2022
22:18:02 24.30 43.70 361.80 0.00 2058
22:18:12 24.30 43.70 397.95 0.00 2028
22:18:22 24.30 43.70 354.88 0.00 2004
22:18:32 24.30 43.70 354.88 0.00 2004
22:18:42 24.30 43.70 354.88 0.00 2004
22:18:52 24.20 42.90 431.11 0.00 2034
22:19:02 24.20 43.00 415.15 0.00 2040
22:19:12 24.10 43.00 350.08 0.00 2040
22:19:22 24.10 42.80 364.29 0.00 2040
22:19:32 24.10 42.20 417.38 0.00 2040
22:19:42 24.10 42.00 387.52 0.00 2040
22:19:52 24.10 42.00 402.46 0.00 2040
22:20:02 24.00 42.20 380.15 0.00 2046
22:20:12 24.00 42.00 395.31 0.00 2040
22:20:22 23.90 41.80 434.97 0.00 2040
22:20:32 24.00 42.10 366.05 0.00 2040
22:20:42 23.90 42.10 352.49 0.00 2040
22:20:52 23.90 42.10 434.25 0.00 2046
22:21:02 23.90 41.70 381.56 0.00 2046
22:21:12 23.80 41.40 368.16 0.00 2052
22:21:22 23.90 40.90 361.76 0.00 2040
22:21:32 23.80 41.00 354.96 0.00 2034
22:21:42 23.80 41.00 361.91 0.00 2004
22:21:52 23.80 41.00 354.96 0.00 2022
22:22:02 23.80 41.00 421.34 0.00 2034
22:22:12 23.80 41.00 354.96 0.00 2028
22:22:22 23.80 41.00 354.96 0.00 2064
22:22:32 23.80 41.00 383.39 0.00 2064
22:22:42 23.80 41.00 383.39 0.00 2064
22:22:52 23.80 41.00 354.96 0.00 2064
22:23:02 23.80 41.00 361.91 0.00 2040
22:23:12 23.80 41.00 429.26 0.00 2004
22:23:22 23.80 41.00 390.76 0.00 2004
22:23:32 23.80 41.00 354.96 0.00 2010
22:23:42 23.80 41.00 368.97 0.00 2004
22:23:52 23.80 41.00 361.91 0.00 2058
22:24:02 23.80 41.00 368.97 0.00 2052
22:24:12 23.80 41.00 354.96 0.00 2028
22:24:22 23.80 41.00 368.97 0.00 2004
22:24:32 23.80 41.00 390.76 0.00 2010
22:24:42 23.80 41.00 390.76 0.00 2004
22:24:52 23.80 41.00 390.76 0.00 2004
22:25:02 23.80 41.00 361.91 0.00 2004
22:25:12 23.80 41.00 354.96 0.00 2028
22:25:22 23.80 41.00 361.91 0.00 2022
22:25:32 23.80 41.00 361.91 0.00 2064
22:25:42 23.80 41.00 354.96 0.00 2004
22:25:52 23.80 41.00 368.97 0.00 2004
22:26:02 23.80 41.00 368.97 0.00 2010
22:26:12 23.80 41.00 390.76 0.00 2004
22:26:22 23.80 41.00 390.76 0.00 2058
22:26:32 23.80 41.00 383.39 0.00 2058
22:26:42 23.80 41.00 361.91 0.00 2004
22:26:52 23.80 41.00 368.97 0.00 2004
22:27:02 23.80 41.00 354.96 0.00 2016
22:27:12 23.80 41.00 368.97 0.00 2004
22:27:22 23.80 41.00 348.11 0.00 2058
22:27:32 23.80 41.00 421.34 0.00 2034
22:27:42 23.80 41.00 348.11 0.00 2016
22:27:52 23.80 41.00 354.96 0.00 2010
22:28:02 23.80 41.00 348.11 0.00 2004
22:28:12 23.80 41.00 354.96 0.00 2058
22:28:22 23.80 41.00 421.34 0.00 2058
22:28:32 23.80 41.00 429.26 0.00 2010
22:28:42 23.80 41.00 437.30 0.00 2028
22:28:52 23.80 41.00 354.96 0.00 2016
22:29:02 23.80 41.00 368.97 0.00 2010
22:29:12 23.80 41.00 398.24 0.00 2046
22:29:22 23.80 41.00 348.11 0.00 2016
22:29:32 23.80 41.00 368.97 0.00 2004
22:29:42 23.80 41.00 361.91 0.00 2028
22:29:52 23.80 41.00 429.26 0.00 2022
22:30:02 23.80 41.00 390.76 0.00 2064
22:30:12 23.80 41.00 354.96 0.00 2058
22:30:22 23.80 45.10 374.84 0.00 2058
22:30:32 23.90 45.40 381.05 0.00 2040
22:30:42 23.90 45.80 345.37 45.00 2040
22:30:52 23.90 47.40 335.71 0.00 2040
22:31:02 23.90 47.40 413.98 0.00 2040
22:31:12 23.90 47.30 356.03 0.00 2040
22:31:22 23.80 47.20 377.63 0.00 2040
22:31:32 23.90 47.00 384.92 0.00 2040
22:31:42 23.90 47.20 377.27 0.00 2040
22:31:52 23.80 46.60 344.17 0.00 2040
22:32:02 23.80 46.30 338.09 0.00 2040
22:32:12 23.90 46.80 415.36 0.00 2040
22:32:22 23.80 46.60 386.14 0.00 2040
22:32:32 23.80 46.80 385.72 0.00 2070
22:32:42 23.80 47.60 348.97 0.00 2046
22:32:52 23.90 48.40 340.42 0.00 2040
22:33:02 23.80 48.20 341.13 0.00 2040
22:33:12 23.80 47.90 335.11 0.00 2040
22:33:22 23.80 48.30 334.36 0.00 2040
22:33:32 23.80 48.20 412.54 0.00 2040
22:33:42 23.90 48.10 375.39 0.00 2040
22:33:52 23.90 48.10 273.75 0.00 2040
22:34:02 23.80 48.40 334.18 0.00 2040
22:34:12 23.70 48.60 412.02 0.00 2040
22:34:22 23.80 48.70 411.39 0.00 2040
22:34:32 23.80 48.50 404.25 0.00 2040
22:34:42 23.80 48.60 353.81 0.00 2040
22:34:52 23.80 49.00 339.62 0.00 2040
22:35:02 23.80 49.20 332.69 0.00 2040
22:35:12 23.80 49.40 338.86 0.00 2040
22:35:22 23.80 49.50 338.67 0.00 2040
22:35:32 23.80 49.20 339.24 0.00 2040
22:35:42 23.80 49.10 352.82 0.00 2040
22:35:52 23.80 49.60 331.95 4.17 2040
22:36:02 23.80 49.70 372.42 4.17 2040
22:36:12 23.80 49.30 373.25 4.17 2040
22:36:22 23.80 49.60 345.11 4.17 2040
22:36:32 23.70 49.20 346.22 4.17 2070
22:36:42 23.80 49.50 338.67 1.67 2040
22:36:52 23.80 49.80 386.56 1.67 2040
22:37:02 23.80 49.20 366.41 1.67 2040
22:37:12 23.80 49.50 306.94 1.67 2034
22:37:22 23.80 49.60 365.60 1.67 2040
22:37:32 23.80 49.60 331.95 1.67 2040
22:37:42 23.90 49.20 338.91 1.67 2040
22:37:52 23.80 48.80 346.65 1.67 2040
22:38:02 23.90 49.00 332.74 1.67 2034
22:38:12 23.80 49.60 372.63 1.67 2040
22:38:22 23.80 49.60 387.00 1.67 2046
22:38:32 23.80 49.40 366.00 1.67 2040
22:38:42 23.80 49.90 379.12 1.67 2022
22:38:52 23.80 49.60 401.78 1.67 2040
22:39:02 23.80 49.20 366.41 1.67 2040
22:39:12 23.80 49.30 339.05 1.67 2040
22:39:22 23.80 49.10 339.43 1.67 2040
22:39:32 23.80 49.70 344.92 1.67 2040
22:39:42 23.80 49.70 338.29 1.67 2040
22:39:52 23.70 49.30 346.02 1.67 2040
22:40:02 23.80 50.40 276.12 1.67 2040
22:40:12 23.80 50.20 400.44 1.67 2040
22:40:22 23.70 50.30 344.10 1.67 2040
22:40:32 23.80 50.50 350.08 1.67 2040
22:40:42 23.80 50.20 350.67 1.67 2040
22:40:52 23.80 50.90 336.04 1.67 2040
22:41:02 23.70 51.00 414.16 1.67 2040
22:41:12 23.80 50.60 336.60 1.67 2040
22:41:22 23.80 50.80 349.49 1.67 2040
22:41:32 23.80 50.90 342.62 1.67 2040
22:41:42 23.80 51.10 335.66 1.67 2040
22:41:52 23.80 51.10 275.04 1.67 2040
22:42:02 23.70 50.90 336.36 1.67 2040
22:42:12 23.80 51.00 369.73 1.67 2040
22:42:22 23.80 51.20 383.55 1.67 2040
22:42:32 23.70 50.80 336.55 1.67 2040
22:42:42 23.80 51.20 376.38 1.67 2040
22:42:52 23.70 50.70 399.71 1.67 2040
22:43:02 23.70 51.60 341.61 1.67 2040
22:43:12 23.70 51.50 341.80 1.67 2040
22:43:22 23.70 51.40 341.99 1.67 2040
22:43:32 23.70 51.30 348.86 1.67 2040
22:43:42 23.70 51.20 349.05 1.67 2040
22:43:52 23.70 51.60 361.89 1.67 2040
22:44:02 23.70 51.80 347.88 1.67 2040
22:44:12 23.70 51.40 369.26 1.67 2040
22:44:22 23.70 51.50 376.12 1.67 2040
22:44:32 23.70 51.40 413.23 1.67 2040
22:44:42 23.70 51.60 341.61 1.67 2040
22:44:52 23.70 51.70 341.42 1.67 2040
22:45:02 23.60 51.20 363.05 1.67 2040
22:45:12 23.70 51.40 341.99 1.67 2040
22:45:22 23.80 51.60 412.37 1.67 2040
22:45:32 23.70 51.70 334.86 1.67 2040
22:45:42 23.70 51.50 405.41 1.67 2040
22:45:52 23.60 51.50 348.80 1.67 2040
22:46:03 23.70 51.50 362.09 1.67 2040
22:46:12 23.60 51.80 348.22 1.67 2040
22:46:22 23.60 51.50 335.56 1.67 2040
22:46:33 23.60 51.30 376.90 1.67 2040
22:46:42 23.70 51.90 341.04 1.67 2040
22:46:52 23.70 51.60 335.05 1.67 2040
22:47:03 23.70 51.50 335.24 1.67 2040
22:47:12 23.80 51.90 347.35 1.67 2040
22:47:22 23.70 51.50 341.80 1.67 2040
22:47:33 23.70 51.70 375.70 1.67 2040
22:47:42 23.70 51.50 348.47 1.67 2040
22:47:52 23.70 51.80 361.48 1.67 2040
22:48:03 23.70 51.70 397.48 1.67 2040
22:48:12 23.70 51.60 361.89 1.67 2040
22:48:22 23.70 52.00 334.30 1.67 2040
22:48:33 23.70 52.30 279.09 1.67 2040
22:48:42 23.70 52.40 403.37 1.67 2040
22:48:53 23.70 52.00 334.30 1.67 2040
22:49:03 23.70 52.00 340.85 1.67 2040
22:49:12 23.70 52.00 375.06 1.67 2040
22:49:23 23.70 52.40 346.71 1.67 2034
22:49:33 23.70 52.30 333.74 1.67 2040
22:49:42 23.70 52.30 360.47 1.67 2040
22:49:53 23.70 51.90 347.69 1.67 2040
22:50:03 23.70 52.10 404.05 1.67 2040
22:50:13 23.70 52.10 347.30 1.67 2040
22:50:23 23.70 52.30 367.40 1.67 2040
22:50:33 23.60 52.10 396.98 1.67 2040
22:50:43 23.70 52.30 360.47 1.67 2040
22:50:53 23.70 52.40 340.08 1.67 2040
22:51:03 23.70 52.50 339.89 1.67 2034
22:51:13 23.60 51.90 348.02 1.67 2040
22:51:23 23.70 52.20 381.78 1.67 2022
22:51:33 23.70 52.50 403.15 1.67 2040
22:51:43 23.70 52.50 366.99 1.67 2040
22:51:53 23.60 52.50 333.69 1.67 2040
22:52:03 23.70 52.50 360.07 1.67 2040
22:52:13 23.60 52.90 339.46 1.67 2040
22:52:23 23.70 52.40 360.27 1.67 2040
22:52:33 23.60 52.40 340.41 1.67 2040
22:52:43 23.60 52.40 333.88 1.67 2016
22:52:53 23.70 53.00 332.43 1.67 2040
22:53:03 23.70 52.80 359.46 1.67 2040
22:53:13 23.70 52.70 339.51 1.67 2040
22:53:23 23.70 52.70 339.51 1.67 2040
22:53:33 23.70 52.50 381.14 1.67 2016
22:53:43 23.60 52.80 402.86 1.67 2040
22:53:53 23.70 52.90 402.24 1.67 2040
22:54:03 23.60 52.70 346.47 1.67 2040
22:54:13 23.70 52.60 333.18 1.67 2028
22:54:23 23.60 52.50 403.54 1.67 2028
22:54:33 23.70 52.60 339.70 1.67 2040
22:54:43 23.70 52.80 402.47 1.67 2028
22:54:53 23.60 52.90 359.61 1.67 2040
22:55:03 23.70 52.90 366.17 1.67 2040
22:55:13 23.60 53.10 345.69 1.67 2040
22:55:23 23.70 53.00 338.94 1.67 2040
22:55:33 23.70 52.80 345.94 1.67 2028
22:55:43 23.70 53.00 338.94 1.67 2040
22:55:53 23.60 52.80 402.86 1.67 2016
22:56:03 23.70 52.60 333.18 1.67 2040
22:56:13 23.70 52.70 332.99 1.67 2040
22:56:23 23.60 52.60 367.14 1.67 2034
22:56:33 23.70 52.80 402.47 1.67 2028
22:56:43 23.70 52.90 359.26 1.67 2028
22:56:53 23.70 53.00 402.02 1.67 2016
22:57:03 23.70 53.00 372.97 1.67 2028
22:57:13 23.60 52.60 340.03 1.67 2022
22:57:23 23.70 52.60 339.70 1.67 2034
22:57:33 23.70 52.90 339.13 1.67 2040
22:57:43 23.60 53.10 380.23 1.67 2028
22:57:53 23.70 52.70 339.51 1.67 2028
22:58:03 23.60 52.20 340.80 1.67 2010
22:58:13 23.70 53.00 345.55 1.67 2010
22:58:23 23.60 53.20 365.91 1.67 2040
22:58:33 23.70 53.00 365.96 1.67 2034
22:58:43 23.70 53.40 344.78 1.67 2010
22:58:53 23.60 53.30 358.80 1.67 2010
22:59:03 23.70 52.90 373.18 1.67 2010
22:59:13 23.70 53.00 365.96 1.67 2010
22:59:23 23.70 52.90 339.13 1.67 2010
22:59:33 23.60 53.10 283.81 1.67 2022
22:59:43 23.70 53.60 393.27 1.67 2010
22:59:53 23.70 53.20 338.56 1.67 2010
23:00:03 23.70 53.20 338.56 1.67 2010
23:00:13 23.60 53.00 402.41 1.67 2040
23:00:23 23.60 52.90 332.94 1.67 2010
23:00:33 23.70 52.70 359.66 1.67 2010
23:00:43 23.70 53.00 402.02 1.67 2010
23:00:53 23.70 53.30 338.37 1.67 2010
23:01:03 23.70 53.10 338.75 1.67 2010
23:01:13 23.70 53.60 393.27 1.67 2040
23:01:23 23.70 53.20 332.06 1.67 2022
23:01:33 23.60 53.50 365.29 1.67 2010
23:01:43 23.60 53.00 402.41 1.67 2040
23:01:53 23.60 53.30 272.20 1.67 2010
23:02:03 23.60 53.40 372.49 1.67 2010
23:02:13 23.60 53.20 394.54 1.67 2028
23:02:23 23.70 53.10 365.76 1.67 2010
23:02:33 23.60 53.10 339.08 1.67 2040
23:02:43 23.60 53.20 332.38 1.67 2040
23:02:53 23.60 53.30 338.70 1.67 2034
23:03:03 23.60 53.40 338.51 1.67 2010
23:03:13 23.70 53.70 344.19 1.67 2010
23:03:23 23.70 53.20 272.09 1.67 2010
23:03:33 23.60 53.00 345.89 1.67 2010
23:03:43 23.60 53.00 402.41 1.67 2010
23:03:53 23.60 53.40 358.60 1.67 2010
23:04:03 23.60 53.60 393.66 1.67 2016
23:04:13 23.60 53.30 338.70 1.67 2040
23:04:23 23.70 53.30 331.87 1.67 2040
23:04:33 23.60 53.20 401.96 1.67 2040
23:04:43 23.60 53.80 344.34 1.67 2040
23:04:53 23.70 53.90 337.23 1.67 2040
23:05:03 23.70 53.70 344.19 1.67 2040
23:05:13 23.70 53.50 337.99 1.67 2034
23:05:23 23.60 53.60 365.09 1.67 2040
23:05:33 23.70 53.50 364.94 1.67 2040
23:05:43 23.60 53.30 409.25 1.67 2040
23:05:53 23.70 53.30 338.37 1.67 2040
23:06:03 23.60 52.80 359.81 1.67 2022
23:06:13 23.60 53.50 372.29 1.67 2010
23:06:23 23.60 53.50 338.32 1.67 2040
23:06:33 23.70 53.70 337.61 1.67 2040
23:06:43 23.70 53.90 350.48 1.67 2040
23:06:53 23.60 53.40 345.11 1.67 2040
23:07:03 23.70 54.00 337.04 1.67 2040
23:07:13 23.60 53.60 365.09 1.67 2040
23:07:23 23.60 53.40 332.01 1.67 2040
23:07:33 23.60 53.60 338.13 1.67 2028
23:07:43 23.70 53.60 364.73 1.67 2010
23:07:53 23.70 53.40 344.78 1.67 2040
23:08:03 23.70 53.30 372.34 1.67 2040
23:08:13 23.70 53.10 372.76 1.67 2034
23:08:23 23.60 53.70 337.94 1.67 2040
23:08:33 23.70 53.50 331.50 1.67 2016
23:08:43 23.70 53.20 372.55 1.67 2016
23:08:53 23.70 53.50 337.99 1.67 2040
23:09:03 23.60 53.70 364.88 1.67 2040
23:09:13 23.70 53.60 351.07 1.67 2040
23:09:23 23.70 53.70 364.53 1.67 2040
23:09:33 23.70 53.90 330.76 1.67 2040
23:09:43 23.60 54.30 370.62 1.67 2022
23:09:53 23.70 53.80 337.42 1.67 2010
23:10:03 23.70 53.80 330.94 1.67 2040
23:10:13 23.60 53.50 300.73 1.67 2016
23:10:23 23.60 53.40 365.50 1.67 2040
23:10:33 23.60 53.40 394.10 1.67 2010
23:10:43 23.60 53.80 393.21 1.67 2028
23:10:53 23.60 53.60 372.08 1.67 2028
23:11:03 23.60 53.60 338.13 1.67 2040
23:11:13 23.60 53.80 344.34 1.67 2016
23:11:23 23.70 54.50 336.10 1.67 2040
23:11:33 23.70 54.60 335.91 1.67 2040
23:11:43 23.60 54.10 330.71 1.67 2040
23:11:53 23.60 54.10 357.20 1.67 2034
23:12:03 23.70 54.00 357.05 1.67 2040
23:12:13 23.70 54.20 330.20 1.67 2028
23:12:23 23.70 54.20 391.95 1.67 2010
23:12:33 23.60 54.10 337.18 1.67 2010
23:12:43 23.70 53.90 343.81 1.67 2040
23:12:53 23.70 54.00 330.57 1.67 2028
23:13:03 23.60 54.40 391.89 1.67 2034
23:13:13 23.70 54.30 363.30 1.67 2040
23:13:23 23.60 54.00 343.95 1.67 2040
23:13:33 23.70 53.80 371.30 1.67 2040
23:13:43 23.60 54.20 343.56 1.67 2040
23:13:53 23.70 54.30 336.48 1.67 2040
23:14:03 23.70 54.20 363.51 1.67 2022
23:14:13 23.70 54.20 399.32 1.67 2004
23:14:23 23.70 54.20 343.23 1.67 2046
23:14:33 23.70 54.20 336.67 1.67 2046
23:14:43 23.70 54.20 343.23 1.67 2040
23:14:53 23.70 54.20 356.65 1.67 2034
23:15:03 23.70 54.20 356.65 1.67 2034
23:15:13 23.70 54.20 363.51 1.67 2004
23:15:23 23.70 54.20 363.51 1.67 2010
23:15:33 23.70 54.20 399.32 1.67 2004
23:15:43 23.70 54.20 336.67 1.67 2004
23:15:53 23.70 54.20 343.23 1.67 2004
23:16:03 23.70 54.20 356.65 1.67 2016
23:16:13 23.70 54.20 370.46 1.67 2034
23:16:23 23.70 54.20 343.23 1.67 2046
23:16:33 23.70 54.20 336.67 1.67 2040
23:16:43 23.70 54.20 336.67 1.67 2040
23:16:53 23.70 54.20 399.32 1.67 2034
23:17:03 23.70 54.20 336.67 1.67 2034
23:17:13 23.70 54.20 336.67 1.67 2046
23:17:23 23.70 54.20 336.67 1.67 2046
23:17:33 23.70 54.20 399.32 1.67 2046
23:17:43 23.70 54.20 336.67 1.67 2040
23:17:53 23.70 54.40 391.51 1.67 2040
23:18:03 23.70 54.40 342.84 1.67 2040
23:18:13 23.70 54.30 363.30 1.67 2040
23:18:23 23.70 54.00 337.04 1.67 2040
23:18:33 23.60 54.00 337.37 1.67 2040
23:18:43 23.60 53.70 344.53 1.67 2034
23:18:53 23.60 54.00 400.16 1.67 2016
23:19:03 23.60 54.20 336.99 1.67 2034
23:19:13 23.60 53.90 344.14 1.67 2040
23:19:23 23.60 54.30 363.66 1.67 2040
23:19:33 23.60 54.30 399.48 1.67 2040
23:19:43 23.70 54.30 336.48 1.67 2040
23:19:53 23.60 54.20 343.56 1.67 2040
23:20:03 23.60 54.30 336.80 1.67 2040
23:20:13 23.60 54.20 392.33 1.67 2040
23:20:23 23.60 54.60 406.27 1.67 2040
23:20:33 23.60 54.20 357.00 1.67 2040
23:20:43 23.60 53.90 371.45 1.67 2040
23:20:53 23.60 54.10 330.71 1.67 2040
23:21:03 23.60 53.80 344.34 1.67 2040
23:21:13 23.70 53.90 364.12 1.67 2040
23:21:23 23.70 54.30 406.56 1.67 2040
23:21:33 23.70 54.30 330.01 1.67 2040
23:21:43 23.60 54.00 343.95 1.67 2046
23:21:53 23.60 54.00 407.65 1.67 2040
23:22:03 23.70 54.50 342.65 1.67 2040
23:22:13 23.60 54.20 350.23 1.67 2040
23:22:23 23.60 54.30 336.80 1.67 2040
23:22:33 23.60 54.20 343.56 1.67 2040
23:22:43 23.70 54.10 356.85 1.67 2040
23:22:53 23.60 53.90 400.38 1.67 2040
23:23:03 23.60 53.90 344.14 1.67 2040
23:23:13 23.70 54.50 336.10 1.67 2040
23:23:23 23.60 54.40 349.84 1.67 2040
23:23:33 23.60 54.50 363.25 1.67 2040
23:23:43 23.60 54.00 364.27 1.67 2040
23:23:53 23.60 54.00 371.24 1.67 2040
23:24:03 23.70 54.20 356.65 1.67 2040
23:24:13 23.60 53.70 371.87 1.67 2040
23:24:23 23.70 54.10 343.42 1.67 2040
23:24:33 23.60 54.30 363.66 1.67 2040
23:24:43 23.70 54.50 342.65 1.67 2040
23:24:53 23.70 54.70 355.65 1.67 2040
23:25:03 23.60 54.30 363.66 1.67 2040
23:25:13 23.70 54.50 336.10 1.67 2040
23:25:23 23.60 54.10 399.93 1.67 2058
23:25:33 23.60 54.40 343.18 1.67 2046
23:25:43 23.60 54.60 377.04 1.67 2040
23:25:53 23.60 54.60 356.19 1.67 2040
23:26:03 23.60 54.80 342.41 1.67 2040
23:26:13 23.70 54.70 362.48 1.67 2040
23:26:23 23.60 54.00 337.37 1.67 2040
23:26:33 23.60 54.60 342.79 1.67 2040
23:26:43 23.70 54.50 342.65 1.67 2040
23:26:53 23.60 54.40 343.18 1.67 2040
23:27:03 23.70 54.60 342.46 1.67 2040
23:27:13 23.70 54.50 342.65 1.67 2040
23:27:23 23.70 54.50 362.89 1.67 2040
23:27:33 23.60 54.50 342.98 1.67 2040
23:27:43 23.60 54.40 370.41 1.67 2040
23:27:53 23.70 55.10 354.85 1.67 2040
23:28:03 23.70 54.80 335.53 1.67 2040
23:28:13 23.70 54.40 342.84 1.67 2040
23:28:23 23.70 54.30 343.04 1.67 2040
23:28:33 23.70 54.20 343.23 1.67 2040
23:28:43 23.70 54.40 406.34 1.67 2040
23:28:53 23.70 54.30 336.48 1.67 2040
23:29:03 23.60 54.40 343.18 1.67 2040
23:29:13 23.70 54.60 335.91 1.67 2040
23:29:23 23.70 54.60 335.91 1.67 2010
23:29:33 23.70 54.60 405.88 1.67 2058
23:29:43 23.70 54.60 335.91 1.67 2040
23:29:53 23.70 54.60 342.46 1.67 2046
23:30:03 23.70 54.60 329.46 1.67 2052
23:30:13 23.70 54.60 335.91 1.67 2046
23:30:23 23.70 54.60 335.91 1.67 2040
23:30:33 23.70 54.60 355.85 1.67 2046
23:30:43 23.70 54.60 275.51 1.67 2046
23:30:53 23.70 54.60 342.46 1.67 2040
23:31:03 23.70 54.60 342.46 1.67 2040
23:31:13 23.70 54.60 310.66 1.67 2052
23:31:23 23.70 54.60 342.46 1.67 2046
23:31:33 23.70 54.60 376.67 1.67 2058
23:31:43 23.70 54.60 342.46 1.67 2046
23:31:53 23.70 54.60 329.46 1.67 2040
23:32:03 23.70 54.60 335.91 1.67 2046
23:32:13 23.70 54.60 398.42 1.67 2058
23:32:23 23.70 54.60 349.10 1.67 2058
23:32:33 23.70 54.60 405.88 1.67 2058
23:32:43 23.70 54.60 398.42 1.67 2004
23:32:53 23.70 54.60 335.91 1.67 2004
23:33:03 23.70 54.60 335.91 1.67 2004
23:33:13 23.70 54.60 398.42 1.67 2004
23:33:23 23.70 54.60 369.63 1.67 2040
23:33:33 23.70 54.60 355.85 1.67 2046
23:33:43 23.70 54.60 405.88 1.67 2052
23:33:53 23.70 54.60 362.69 1.67 2022
23:34:03 23.70 54.60 355.85 1.67 2004
23:34:13 23.70 54.60 391.07 1.67 2004
23:34:23 23.70 54.60 398.42 1.67 2034
23:34:34 23.70 54.60 421.12 1.67 2052
23:34:43 23.70 54.60 405.88 1.67 2004
23:34:53 23.70 54.60 369.63 1.67 2004
23:35:03 23.70 54.60 398.42 1.67 2010
23:35:13 23.70 54.60 405.88 1.67 2004
23:35:23 23.70 54.60 335.91 1.67 2004
23:35:34 23.70 54.60 335.91 1.67 2010
23:35:43 23.70 54.60 421.12 1.67 2004
23:35:53 23.70 54.60 335.91 1.67 2028
23:36:04 23.70 54.60 342.46 1.67 2052
23:36:14 23.70 54.60 342.46 1.67 2052
23:36:23 23.70 54.60 342.46 1.67 2028
23:36:33 23.70 54.60 405.88 1.67 2004
23:36:44 23.70 54.60 355.85 1.67 2004
23:36:53 23.70 54.60 369.63 1.67 2010
23:37:03 23.70 54.60 369.63 1.67 2028
23:37:14 23.70 54.60 355.85 1.67 2058
23:37:23 23.70 54.60 369.63 1.67 2052
23:37:34 23.70 54.60 369.63 1.67 2052
23:37:44 23.70 54.60 355.85 1.67 2022
23:37:53 23.70 54.60 335.91 1.67 2022
23:38:04 23.70 54.60 342.46 1.67 2034
23:38:14 23.70 54.60 405.88 1.67 2004
23:38:24 23.70 54.60 391.07 1.67 2040
23:38:34 23.70 54.60 342.46 1.67 2058
23:38:44 23.70 54.60 369.63 1.67 2052
23:38:54 23.70 54.60 342.46 1.67 2052
23:39:04 23.70 54.60 362.69 1.67 2052
23:39:14 23.70 54.60 405.88 1.67 2064
23:39:24 23.70 54.60 342.46 1.67 2070
23:39:34 23.70 54.60 362.69 0.83 2064
23:39:44 23.70 54.60 369.63 0.83 2052
23:39:54 23.70 54.60 362.69 1.67 2022
23:40:04 23.70 54.60 355.85 1.67 2010
23:40:14 23.70 54.60 335.91 1.67 2010
23:40:24 23.70 54.60 405.88 1.67 2004
23:40:34 23.70 54.60 355.85 1.67 2058
23:40:44 23.70 54.60 335.91 1.67 2010
23:40:54 23.70 54.60 398.42 1.67 2028
23:41:04 23.70 54.60 335.91 1.67 2004
23:41:14 23.70 54.60 355.85 1.67 2016
23:41:24 23.70 54.60 355.85 1.67 2064
23:41:34 23.70 54.60 355.85 1.67 2028
23:41:44 23.70 54.60 342.46 1.67 2004
23:41:54 23.70 54.60 342.46 1.67 2004
23:42:04 23.70 54.60 335.91 1.67 2040
23:42:14 23.70 54.60 335.91 1.67 2040
23:42:24 23.70 54.60 362.69 0.83 2064
23:42:34 23.70 54.60 335.91 1.67 2064
23:42:44 23.70 54.60 405.88 0.83 2010
23:42:54 23.70 54.60 405.88 1.67 2010
23:43:04 23.70 54.60 355.85 0.83 2034
23:43:14 23.70 54.60 342.46 0.83 2034
23:43:24 23.70 54.60 398.42 1.67 2034
23:43:34 23.70 54.60 342.46 1.67 2064
23:43:44 23.70 54.60 335.91 1.67 2046
23:43:54 23.70 54.60 369.63 1.67 2076
23:44:04 23.70 54.60 405.88 1.67 2034
23:44:14 23.70 54.60 398.42 1.67 2034
23:44:24 23.70 54.60 335.91 1.67 2028
23:44:34 23.70 54.60 335.91 1.67 2034
23:44:44 23.70 54.60 275.51 1.67 2010
23:44:54 23.70 54.60 362.69 1.67 2070
23:45:04 23.70 54.60 335.91 1.67 2070
23:45:14 23.70 54.60 329.46 1.67 2058
23:45:24 23.70 54.60 369.63 1.67 2064
23:45:34 23.70 54.60 342.46 1.67 2070
23:45:44 23.70 54.60 342.46 1.67 2040
23:45:54 23.70 54.60 405.88 1.67 2034
23:46:04 23.70 54.60 362.69 1.67 2034
23:46:14 23.70 54.60 355.85 1.67 2040
23:46:24 23.70 54.60 342.46 1.67 2040
23:46:34 23.70 54.60 362.69 1.67 2064
23:46:44 23.70 54.60 369.63 1.67 2028
23:46:54 23.70 54.60 342.46 1.67 2040
23:47:04 23.70 54.60 355.85 1.67 2034
23:47:14 23.70 54.60 342.46 1.67 2034
23:47:24 23.70 54.60 335.91 1.67 2034
23:47:34 23.70 54.60 342.46 1.67 2076
23:47:44 23.70 54.60 355.85 1.67 2064
23:47:54 23.70 54.60 342.46 1.67 2070
23:48:04 23.70 54.60 335.91 1.67 2064
23:48:14 23.70 54.60 362.69 1.67 2058
23:48:24 23.70 54.60 362.69 1.67 2058
23:48:34 23.70 54.60 355.85 1.67 2076
23:48:44 23.70 54.60 310.66 1.67 2064
23:48:54 23.70 54.60 335.91 1.67 2076
23:49:04 23.70 54.60 398.42 1.67 2070
23:49:14 23.70 54.60 413.44 1.67 2076
23:49:24 23.70 54.60 342.46 1.67 2070
23:49:34 23.70 54.60 342.46 1.67 2076
23:49:44 23.70 54.60 362.69 1.67 2082
23:49:54 23.70 54.60 405.88 1.67 2076
23:50:04 23.70 54.60 413.44 1.67 2070
23:50:14 23.70 54.60 342.46 1.67 2070
23:50:24 23.70 54.60 405.88 1.67 2076
23:50:34 23.70 54.60 398.42 1.67 2070
23:50:44 23.70 54.60 342.46 1.67 2076
23:50:54 23.70 54.60 335.91 1.67 2070
23:51:04 23.70 54.60 310.66 1.67 2064
23:51:14 23.70 54.60 398.42 1.67 2064
23:51:24 23.70 54.60 355.85 1.67 2070
23:51:34 23.70 54.60 342.46 1.67 2064
23:51:44 23.70 54.60 342.46 1.67 2082
23:51:54 23.70 54.60 369.63 1.67 2076
23:52:04 23.70 54.60 362.69 1.67 2064
23:52:14 23.70 54.60 342.46 1.67 2064
23:52:24 23.70 54.60 342.46 1.67 2070
23:52:34 23.70 54.60 391.07 1.67 2076
23:52:44 23.70 54.60 391.07 1.67 2088
23:52:54 23.70 54.60 342.46 1.67 2076
23:53:04 23.70 54.60 398.42 1.67 2070
23:53:14 23.70 54.60 421.12 1.67 2070
23:53:24 23.70 54.60 355.85 1.67 2070
23:53:34 23.70 54.60 398.42 1.67 2058
23:53:44 23.70 54.60 342.46 1.67 2070
23:53:54 23.70 54.60 362.69 1.67 2064
23:54:04 23.70 54.60 376.67 1.67 2064
23:54:14 23.70 54.60 421.12 1.67 2058
23:54:24 23.70 54.60 362.69 1.67 2064
23:54:34 23.70 54.60 362.69 1.67 2076
23:54:44 23.70 54.60 342.46 1.67 2070
23:54:54 23.70 54.60 335.91 1.67 2070
23:55:04 23.70 54.60 398.42 1.67 2082
23:55:14 23.70 54.60 405.88 1.67 2076
23:55:24 23.70 54.60 342.46 1.67 2076
23:55:34 23.70 54.60 342.46 1.67 2076
23:55:44 23.70 54.60 355.85 1.67 2070
23:55:54 23.70 54.60 342.46 1.67 2076
23:56:04 23.70 54.60 342.46 1.67 2082
23:56:14 23.70 54.60 369.63 1.67 2070
23:56:24 23.70 54.60 342.46 1.67 2088
23:56:34 23.70 54.60 362.69 1.67 2070
23:56:44 23.70 54.60 369.63 1.67 2082
23:56:54 23.70 54.60 342.46 1.67 2076
23:57:04 23.70 54.60 413.44 1.67 2082
23:57:14 23.70 54.60 342.46 1.67 2070
23:57:24 23.70 54.60 369.63 1.67 2082
23:57:34 23.70 54.60 362.69 1.67 2076
23:57:44 23.70 54.60 421.12 1.67 2076
23:57:54 23.70 54.60 275.51 1.67 2082
23:58:04 23.70 54.60 405.88 1.67 2076
23:58:14 23.70 54.60 355.85 1.67 2082
23:58:24 23.70 54.60 342.46 1.67 2076
23:58:34 23.70 54.60 391.07 1.67 2076
23:58:44 23.70 54.60 342.46 1.67 2076
23:58:54 23.70 54.60 342.46 1.67 2070
23:59:04 23.70 54.60 398.42 1.67 2076
23:59:14 23.70 54.60 355.85 1.67 2070
23:59:24 23.70 54.60 362.69 1.67 2070
23:59:34 23.70 54.60 376.67 1.67 2070
23:59:44 23.70 54.60 391.07 1.67 2070
23:59:54 23.70 54.60 362.69 1.67 2076
