17:22:58 23.70 54.60 342.46 48.33 2028
17:49:24 25.50 47.60 688.41 3.33 2202
17:49:44 25.40 47.60 552.96 3.33 1908
17:49:54 25.50 48.80 639.74 3.33 2256
17:50:04 25.40 47.50 572.72 3.33 2274
17:50:14 25.40 48.10 675.87 3.33 2280
17:50:24 25.50 48.10 550.88 3.33 2256
17:50:34 25.50 47.70 552.12 3.33 2250
17:51:36 25.70 46.30 1143.71 3.33 0
17:51:46 25.70 45.80 1031.88 3.33 2052
17:51:56 25.70 45.90 659.88 3.33 2022
17:52:06 25.70 45.90 883.36 3.33 2010
17:52:16 25.70 45.90 925.83 3.33 1998
17:52:26 25.70 45.60 1017.37 3.33 1980
17:52:36 25.70 45.70 870.52 2.50 1902
17:52:46 25.70 46.60 690.92 3.33 1422
17:52:56 25.60 45.50 695.84 2.50 1422
17:53:06 25.60 44.90 698.16 3.33 1422
17:53:16 25.60 45.00 697.78 2.50 1422
17:53:26 25.70 45.20 684.89 2.50 1422
17:53:36 25.60 45.70 1065.37 3.33 1848
17:53:46 25.60 46.20 1180.11 2.50 2046
17:53:56 25.60 46.70 1382.46 3.33 2070
17:54:06 25.50 46.40 1386.11 3.33 2070
17:54:16 25.50 46.40 1447.17 3.33 2070
17:54:27 25.50 46.90 1382.25 2.50 2070
17:54:36 25.40 47.20 1401.32 3.33 2070
17:54:46 25.50 46.80 1343.59 2.50 2100
17:54:56 25.50 46.30 1128.90 3.33 2070
17:55:06 25.50 46.60 1306.53 3.33 2070
17:55:16 25.40 47.30 1090.43 3.33 2082
17:55:26 25.40 48.30 1151.35 3.33 2070
17:55:37 25.40 47.40 1379.73 3.33 2070
17:55:46 25.40 46.90 1383.59 3.33 2070
17:55:56 25.40 47.40 1123.08 3.33 2070
17:56:07 25.40 47.00 1194.73 4.17 2070
17:56:16 25.50 46.80 1125.75 4.17 2070
17:56:26 25.40 47.00 1159.74 4.17 2070
17:56:37 25.40 46.10 1148.30 4.17 2070
17:56:46 25.40 46.00 1166.22 4.17 2070
17:56:57 25.40 46.00 1237.44 4.17 2040
17:57:06 25.30 46.00 1516.72 4.17 2070
17:57:17 25.40 45.90 858.40 4.17 2070
17:57:27 25.50 45.90 1255.28 4.17 2070
17:57:36 25.50 46.10 1253.88 4.17 2070
17:57:47 25.50 46.00 1330.13 4.17 2070
17:57:57 25.40 46.10 1200.73 4.17 2070
17:58:06 25.50 46.40 1145.28 4.17 2070
17:58:17 25.40 46.20 1064.46 4.17 2070
17:58:26 25.40 46.10 1369.83 4.17 2070
17:58:37 25.50 46.70 726.87 4.17 2070
17:58:47 25.40 46.30 1032.00 4.17 2070
17:58:56 25.50 45.80 1390.75 3.33 2070
17:59:07 25.40 46.00 1131.87 3.33 2100
17:59:16 25.50 46.20 856.14 3.33 2124
17:59:27 25.40 46.70 841.14 3.33 2160
17:59:37 25.40 46.80 1213.89 3.33 2130
17:59:47 25.40 47.20 799.59 3.33 2148
17:59:57 25.50 46.70 691.87 3.33 2130
18:00:07 25.50 46.90 1043.33 3.33 2130
18:00:17 25.50 46.70 923.49 3.33 2130
18:00:27 25.50 46.20 1031.57 3.33 2130
18:00:37 25.50 46.60 983.04 3.33 2130
18:00:47 25.60 47.20 920.03 3.33 2130
18:00:57 25.50 46.70 923.49 3.33 2130
18:01:07 25.60 46.60 1177.48 2.50 2124
18:01:17 25.50 46.60 1214.07 2.50 2130
18:01:27 25.50 46.40 984.14 2.50 2100
18:01:37 25.60 46.40 1093.80 2.50 2100
18:01:47 25.60 46.50 1306.00 2.50 2100
18:01:57 25.60 46.20 1095.02 2.50 2100
18:02:07 25.50 46.50 1326.43 2.50 2082
18:02:17 25.60 46.20 1215.61 2.50 2094
18:02:27 25.60 46.30 1232.99 2.50 2100
18:02:37 25.60 46.20 1095.02 2.50 2100
18:02:47 25.70 46.30 1060.79 2.50 2100
18:02:57 25.60 45.90 1147.37 2.50 2100
18:03:07 25.60 45.70 1311.83 2.50 2100
18:03:17 25.70 46.80 1340.99 2.50 2100
18:03:27 25.60 46.00 1146.73 2.50 2100
18:03:37 25.70 45.80 1217.14 3.33 2100
18:03:47 25.60 46.00 1000.64 3.33 2100
18:03:57 25.60 46.10 1000.08 2.50 2100
18:04:07 25.60 46.60 1324.41 2.50 2112
18:04:17 25.70 46.00 999.67 3.33 2100
18:04:27 25.70 46.00 999.67 3.33 2100
18:04:37 25.70 46.20 1214.43 3.33 2100
18:04:47 25.60 46.20 1030.58 3.33 2106
18:04:57 25.70 46.00 999.67 3.33 2112
18:05:07 25.70 45.70 986.08 2.50 2100
18:05:17 25.70 45.70 1016.80 2.50 2100
18:05:27 25.60 45.80 986.48 3.33 2100
18:05:37 25.70 46.20 1161.55 2.50 2100
18:05:47 25.80 46.00 1552.82 3.33 2088
18:05:57 25.70 45.70 1164.79 3.33 2100
18:06:07 25.70 45.60 1097.62 3.33 2100
18:06:17 25.70 45.90 816.04 3.33 2088
18:06:27 25.60 45.80 1349.79 3.33 2070
18:06:37 25.60 45.80 1165.27 3.33 2070
18:06:47 25.70 46.00 1046.55 3.33 2082
18:06:57 25.60 47.20 993.97 3.33 2082
18:07:07 25.80 46.10 998.15 3.33 2082
18:07:17 25.70 45.90 1163.49 3.33 2082
18:07:27 25.80 46.30 1159.78 3.33 2070
18:07:37 25.80 45.90 1215.29 3.33 2070
18:07:47 25.80 46.20 1028.59 3.33 2070
18:07:57 25.80 45.80 1347.18 3.33 2058
18:08:07 25.80 46.00 1214.62 3.33 2040
18:08:17 25.70 46.00 1197.93 3.33 2040
18:08:27 25.80 48.20 1199.78 2.50 2052
18:08:37 25.80 48.40 1198.44 2.50 2040
18:08:47 25.80 46.90 1208.53 2.50 2070
18:08:57 25.80 46.70 1089.86 2.50 2070
18:09:07 25.80 47.00 1121.24 3.33 2070
18:09:17 25.70 47.00 1191.27 2.50 2070
18:09:27 25.80 47.20 1086.82 2.50 2070
18:09:37 25.70 46.70 1592.56 2.50 2070
18:09:47 25.80 46.70 1503.54 2.50 2070
18:09:57 25.80 46.40 1549.36 2.50 2070
18:10:07 25.90 47.20 1205.34 2.50 2070
18:10:17 25.80 46.60 1420.86 2.50 2070
18:10:27 25.80 46.30 1710.05 2.50 2040
18:10:37 25.80 46.20 1231.30 2.50 2046
18:10:47 25.80 46.80 1301.29 2.50 2058
18:10:57 25.70 47.30 1207.01 2.50 2070
18:11:07 25.70 48.10 1201.62 2.50 2070
18:11:17 25.80 47.00 1338.20 2.50 2058
18:11:27 25.80 47.30 1335.96 2.50 2040
18:11:37 25.70 46.60 1342.49 3.33 2052
18:11:47 25.80 46.80 1227.19 3.33 2040
18:11:57 25.80 46.40 2154.92 2.50 1932
18:12:07 25.80 46.00 2019.22 2.50 2004
18:12:17 25.70 46.30 2216.62 2.50 2010
18:12:27 25.80 46.00 2339.12 2.50 2010
18:12:37 25.70 45.90 2635.81 2.50 2004
18:12:47 25.80 47.20 2292.98 2.50 1992
18:12:57 25.80 46.30 2461.47 2.50 2010
18:13:07 25.70 46.30 2187.25 2.50 2010
18:13:17 25.80 46.60 2210.78 2.50 2016
18:13:27 25.80 46.00 2247.91 2.50 2010
18:13:37 25.80 45.90 2103.74 2.50 2010
18:13:47 25.80 45.50 2194.90 2.50 2022
18:13:57 25.80 45.50 2194.90 2.50 2040
18:14:07 25.80 46.20 1963.03 2.50 2040
18:14:17 25.80 46.20 1687.36 2.50 2040
18:14:27 25.90 46.00 1641.12 2.50 2046
18:14:37 25.80 46.60 2181.48 2.50 2046
18:14:47 26.00 46.50 1681.28 2.50 2040
18:14:57 25.80 46.20 1884.37 2.50 2040
18:15:07 25.90 46.30 1756.44 2.50 2040
18:15:17 25.90 45.80 1785.85 2.50 2040
18:15:27 25.90 45.90 1860.05 2.50 2040
18:15:37 25.90 46.00 1783.86 2.50 2040
18:15:47 25.90 45.60 1715.07 2.50 2040
18:15:57 25.90 46.10 2099.37 2.50 2040
18:16:07 25.90 46.10 1962.22 2.50 2040
18:16:17 25.90 45.80 1737.12 2.50 2040
18:16:27 25.90 45.70 2048.14 2.50 2034
18:16:37 26.00 45.70 1885.98 2.50 2040
18:16:47 26.00 45.80 1990.44 2.50 2028
18:16:57 26.00 46.10 1756.70 2.50 2040
18:17:07 25.90 46.90 1632.90 2.50 2040
18:17:17 25.90 46.00 1641.12 2.50 2040
18:17:27 26.00 46.20 1731.57 2.50 2040
18:17:37 26.00 45.90 1640.45 2.50 2040
18:17:47 26.00 45.70 2018.70 2.50 2040
18:17:57 26.00 45.70 1911.92 2.50 2040
18:18:07 25.90 45.60 1621.89 2.50 2010
18:18:17 26.00 45.70 1642.28 2.50 2016
18:18:27 25.90 45.60 1888.85 2.50 2040
18:18:37 26.00 45.90 1640.45 2.50 2040
18:18:47 26.00 46.00 1831.91 2.50 2040
18:18:57 26.00 46.00 1757.68 2.50 2040
18:19:07 25.90 45.70 1620.98 2.50 2040
18:19:17 26.00 45.90 1640.45 2.50 2040
18:19:27 25.90 45.80 1642.95 2.50 2040
18:19:37 25.90 45.80 1965.51 2.50 2034
18:19:47 25.90 45.60 1691.37 2.50 2040
18:19:57 26.00 45.60 1737.37 2.50 2034
18:20:07 26.00 45.70 2159.17 2.50 2010
18:20:17 26.00 45.70 1834.97 2.50 2022
18:20:27 26.00 45.30 1716.28 2.50 2010
18:20:37 26.00 45.40 1788.11 2.50 2034
18:20:47 26.00 45.40 1668.19 2.50 2022
18:20:57 26.00 45.00 1603.06 2.50 2040
18:21:07 26.00 45.10 1766.52 2.50 2040
18:21:17 26.00 45.00 1767.50 2.50 2040
18:21:27 26.00 45.40 1994.88 2.50 2040
18:21:37 26.00 45.10 1944.65 2.50 2040
18:21:47 26.10 44.90 1625.08 2.50 2040
18:21:57 26.00 44.80 1794.09 2.50 2040
18:22:07 26.00 44.90 1649.61 2.50 2040
18:22:17 26.00 44.80 1627.55 2.50 2040
18:22:27 26.00 44.70 1870.72 2.50 2040
18:22:37 26.10 44.60 1948.19 2.50 2040
18:22:47 26.00 44.60 1629.37 2.50 2034
18:22:57 26.00 44.70 1674.70 2.50 2040
18:23:07 26.10 44.70 1673.09 2.50 2040
18:23:17 26.10 44.70 1793.36 2.50 2016
18:23:27 26.10 44.60 1627.80 2.50 2040
18:23:37 26.10 44.60 2001.85 2.50 2040
18:23:47 26.10 44.40 1699.42 2.50 2040
18:23:57 26.20 44.50 1720.62 2.50 2040
18:24:07 26.00 44.50 1630.27 2.50 2040
18:24:17 26.00 44.70 1698.23 2.50 2010
18:24:27 26.10 44.40 1796.35 2.50 2040
18:24:37 26.10 44.50 1651.69 2.50 2040
18:24:47 26.10 44.30 2005.19 2.50 2040
18:24:57 26.10 44.20 1654.45 2.50 2040
18:25:07 26.10 44.40 1977.06 2.50 2016
18:25:17 26.10 44.30 1772.69 2.50 2028
18:25:27 26.10 44.40 1652.61 2.50 2040
18:25:37 26.10 44.40 1796.35 2.50 2040
18:25:47 26.10 44.50 1770.72 2.50 2040
18:25:57 26.10 44.40 1950.36 2.50 2040
18:26:07 26.20 44.30 1698.73 2.50 2040
18:26:17 26.10 44.30 1748.30 2.50 2034
18:26:27 26.10 44.00 1876.20 2.50 2034
18:26:37 26.10 44.00 1981.46 2.50 2040
18:26:47 26.20 44.30 1795.62 2.50 2010
18:26:57 26.10 44.50 1746.36 2.50 2034
18:27:07 26.10 44.60 2029.14 2.50 2034
18:27:17 26.10 45.20 1863.72 3.33 2016
18:27:27 26.00 45.30 1692.57 3.33 2010
18:27:37 26.00 45.80 1641.36 3.33 2016
18:27:47 26.10 45.80 1616.95 3.33 2040
18:27:57 26.00 46.10 1732.54 2.50 2040
18:28:07 26.10 46.20 1930.90 3.33 2034
18:28:17 26.10 46.10 1829.12 3.33 2010
18:28:27 26.00 46.00 1549.82 3.33 2022
18:28:37 26.00 45.90 1640.45 3.33 2034
18:28:47 26.00 46.20 1932.77 3.33 2040
18:28:57 26.00 46.00 1639.53 3.33 2034
18:29:07 25.90 46.10 1832.66 3.33 2016
18:29:17 26.00 46.10 1781.15 3.33 2040
18:29:27 25.90 45.90 1404.71 3.33 2022
18:29:37 26.00 45.80 1641.36 3.33 2016
18:29:47 26.00 45.70 1991.55 3.33 2022
18:29:57 26.00 45.90 1617.62 3.33 2010
18:30:07 25.90 45.90 1688.55 3.33 2010
18:30:17 26.00 45.90 1758.66 3.33 2016
18:30:27 26.00 45.80 1618.52 3.33 2028
18:30:37 26.00 45.60 1761.61 3.33 2010
18:30:47 25.90 45.90 1736.15 3.33 2010
18:30:57 25.90 45.70 2020.65 3.33 2010
18:31:07 26.00 45.70 1785.12 2.50 2010
18:31:17 25.90 45.70 1966.60 2.50 2010
18:31:27 26.00 45.80 1910.86 2.50 2010
18:31:37 26.00 45.70 1760.63 2.50 2010
18:31:47 26.00 45.60 1689.74 2.50 2010
18:31:57 26.00 45.70 1736.41 2.50 2010
18:32:07 26.00 45.90 1758.66 2.50 2010
18:32:17 26.00 45.50 1862.40 2.50 2010
18:32:27 26.00 45.40 2221.32 2.50 2010
18:32:37 26.00 45.50 2310.35 2.50 2016
18:32:47 26.00 45.60 2189.44 2.50 2040
18:32:57 26.00 45.40 2405.04 2.50 2040
18:33:07 26.00 45.40 2221.32 2.50 2040
18:33:17 25.90 45.30 2315.16 2.50 2040
18:33:27 26.10 45.70 2951.53 3.33 2040
18:33:37 25.90 45.60 2311.29 3.33 2040
18:33:47 26.00 46.20 2271.04 3.33 2040
18:33:57 25.90 45.50 2406.02 3.33 2034
18:34:07 26.10 45.40 2309.41 3.33 2016
18:34:17 26.10 46.00 2394.70 3.33 2022
18:34:27 26.00 46.00 2428.74 3.33 2040
18:34:37 26.00 45.90 2662.50 2.50 2034
18:34:47 26.10 46.00 2332.35 3.33 2040
18:34:57 26.00 46.30 2521.86 3.33 2022
18:35:07 26.00 45.60 2598.59 3.33 2016
18:35:17 26.10 46.20 2587.41 3.33 2040
18:35:27 26.00 45.70 2432.81 3.33 2040
18:35:37 26.00 45.70 2879.75 3.33 2010
18:35:47 26.20 46.40 2790.41 3.33 2034
18:35:57 26.20 47.80 2306.77 3.33 2040
18:36:07 26.10 46.50 2235.16 3.33 2034
18:36:17 26.10 46.70 2788.43 3.33 2016
18:36:27 26.10 46.60 2615.41 3.33 2016
18:36:37 26.10 46.20 2760.46 2.50 2022
18:36:47 26.10 46.00 1780.42 3.33 2040
18:36:57 26.10 46.10 2362.03 3.33 2022
18:37:07 26.00 46.60 2420.63 3.33 2028
18:37:17 26.10 46.00 2658.45 3.33 2040
18:37:27 26.10 47.00 2575.87 3.33 2028
18:37:37 26.20 47.00 2573.38 3.33 2016
18:37:47 26.00 46.10 3023.92 3.33 2022
18:37:57 26.10 46.00 2556.78 2.50 2040
18:38:07 26.10 45.80 2559.64 3.33 2040
18:38:17 26.10 46.10 2555.36 3.33 2034
18:38:27 26.10 46.30 2585.96 2.50 2010
18:38:37 26.10 46.70 2824.50 2.50 2010
18:38:47 26.10 47.00 2748.15 2.50 2010
18:38:57 26.10 46.20 3097.00 2.50 2016
18:39:07 26.10 46.50 2755.84 2.50 2010
18:39:17 26.10 46.30 2867.36 3.33 2010
18:39:27 26.10 46.30 2619.79 3.33 2022
18:39:37 26.10 45.90 2800.91 2.50 2040
18:39:47 26.20 46.80 2576.26 2.50 2040
18:39:57 26.10 46.00 3302.47 2.50 2040
18:40:07 26.10 45.80 2731.16 2.50 2040
18:40:17 26.20 45.40 3068.65 2.50 2040
18:40:27 26.10 45.50 2665.87 2.50 2016
18:40:37 26.10 45.60 2769.71 2.50 2022
18:40:47 26.10 45.60 2431.81 2.50 2034
18:40:57 26.10 45.70 2840.30 2.50 2040
18:41:07 26.20 45.70 2334.00 2.50 2034
18:41:17 26.10 45.80 2273.92 2.50 2028
18:41:27 26.10 45.90 2800.91 2.50 2016
18:41:37 26.20 45.70 2765.49 2.50 2040
18:41:47 26.10 45.90 2729.64 2.50 2022
18:41:57 26.10 45.60 2337.56 2.50 2034
18:42:07 26.20 45.70 2592.13 2.50 2040
18:42:17 26.10 45.60 2246.41 2.50 2040
18:42:27 26.10 45.60 2596.08 2.50 2040
18:42:37 26.10 45.40 2219.18 2.50 2010
18:42:47 26.10 45.20 2534.92 3.33 2022
18:42:57 26.10 45.80 2696.10 3.33 2010
18:43:07 26.10 46.40 2236.41 3.33 2010
18:43:17 26.10 46.40 2236.41 3.33 2010
18:43:27 26.10 46.00 1570.34 3.33 2010
18:43:37 26.10 45.70 2016.75 2.50 2010
18:43:47 26.00 45.60 2160.37 3.33 2010
18:43:57 26.10 46.10 2012.26 3.33 2010
18:44:07 26.00 46.10 2183.35 3.33 2010
18:44:17 26.10 45.90 2427.75 3.33 2010
18:44:27 26.00 46.40 2238.57 3.33 2010
18:44:37 26.10 45.90 2427.75 3.33 2010
18:44:47 26.00 45.90 2016.45 2.50 2010
18:44:57 26.10 45.60 2187.33 3.33 2010
18:45:07 26.10 45.90 2183.68 3.33 2010
18:45:17 26.10 46.10 2555.36 3.33 2010
18:45:27 26.10 46.00 2211.77 2.50 2010
18:45:37 26.10 45.90 2041.91 3.33 2010
18:45:47 26.10 46.10 1854.39 3.33 2010
18:45:57 26.10 46.10 1905.82 2.50 2010
18:46:07 26.10 45.80 1935.21 3.33 2010
18:46:17 26.10 45.70 2016.75 4.17 2010
18:46:27 26.10 45.50 1991.84 4.17 2010
18:46:37 26.10 45.40 2047.61 4.17 2010
18:46:47 26.10 45.80 2243.91 3.33 2010
18:46:57 26.00 46.70 2034.78 4.17 2010
18:47:07 26.20 46.10 2179.13 4.17 2010
18:47:17 26.10 46.10 2393.36 4.17 2010
18:47:27 26.10 46.30 1929.82 4.17 2010
18:47:37 26.20 46.40 1953.27 4.17 2010
18:47:47 26.10 46.10 2012.26 4.17 2010
18:47:57 26.10 45.80 2304.26 4.17 2010
18:48:07 26.10 45.60 1963.90 3.33 2010
18:48:17 26.10 45.50 2277.72 5.83 2010
18:48:27 26.10 45.50 1938.45 5.83 2022
18:48:37 26.20 45.30 2019.30 4.17 2010
